仅渠道数据的多元回归.xlsx
all: 0.5242079240117623
pred: -6.042537049976536

全渠道数据的多层感知机预测.xlsx
all: 0.8675006540258976
pred: -0.24243844839680628