仅渠道数据的多元回归.xlsx
all: 0.435625685832587
pred: -4.240341860897306

全渠道数据的多层感知机预测.xlsx
all: 0.8687508645294497
pred: 0.8640532893910512